,ATLANTA,BOSTON,CHARLOTTE,CHICAGO,HOUSTON,MIAMI,PHILADELPHIA,WASHINGTON
ATLANTA,0,275,315,210,274,178,197,250
BOSTON,275,0,200,229,289,223,215,223
CHARLOTTE,315,200,0,258,313,302,265,266
CHICAGO,210,229,258,0,285,228,228,262
HOUSTON,274,289,313,285,0,249,366,341
MIAMI,178,223,302,228,249,0,203,218
PHILADELPHIA,197,215,265,228,366,203,0,181
WASHINGTON,250,223,266,262,341,218,181,0
